1000
480 3 138
297 1 257
504 1 1
761 1 1
890 1 793
830 1 1
115 1 89
189 1 125
416 1 358
170 1 145
335 1 1
406 1 343
110 1 91
909 1 1
330 3 87
260 1 193
396 5 59
140 5 23
901 1 1
198 1 161
728 1 631
200 1 157
303 1 1
104 1 76
483 1 1
248 8 23
400 2 176
315 1 1
291 1 193
279 5 37
982 1 1
695 1 1
36 5 5
880 7 112
231 3 51
793 1 1
497 1 421
376 14 20
30 3 5
702 1 617
2 1 1
330 1 289
64 2 16
112 1 56
369 1 321
201 1 133
183 11 11
389 1 1
450 3 131
175 5 29
84 1 67
60 1 1
666 1 1
424 1 365
60 1 39
315 1 1
435 1 1
490 1 1
679 1 1
485 7 55
315 13 21
68 7 7
877 1 1
24 1 12
224 1 166
876 1 1
984 1 1
130 1 65
810 1 721
850 1 757
623 1 1
384 2 158
960 1 1
10 1 5
56 1 40
41 1 1
291 1 193
24 1 15
201 1 133
333 1 1
621 1 1
288 3 83
92 1 67
540 1 446
625 1 1
262 1 1
81 5 13
534 21 21
45 1 33
270 1 1
440 1 379
825 1 1
19 1 1
20 1 1
536 1 463
434 1 367
687 1 1
408 12 28
637 1 541
873 1 1
105 5 17
27 1 1
357 7 43
216 10 16
43 1 1
315 3 91
124 1 62
827 1 1
980 2 437
164 2 41
144 1 95
990 1 883
540 1 478
848 1 1
830 1 739
399 1 1
99 1 65
184 1 136
174 5 23
174 1 1
144 6 12
952 1 1
913 1 1
390 7 49
180 1 90
360 2 134
60 1 39
805 1 1
237 1 1
180 9 17
40 1 29
164 11 11
164 1 121
15 1 1
820 2 365
623 1 1
592 16 32
505 1 1
16 2 5
766 1 1
48 1 1
857 1 1
62 1 1
632 1 547
272 2 101
104 1 85
48 1 31
92 1 67
612 1 537
380 1 334
624 1 1
648 1 569
74 1 1
76 2 19
528 4 109
104 1 1
168 3 37
246 1 201
765 1 673
240 1 178
860 1 766
235 1 1
456 2 188
25 1 17
922 1 1
553 1 469
60 3 10
516 3 142
789 1 1
504 7 61
22 1 1
780 1 1
194 1 97
940 2 419
182 1 1
63 1 1
201 7 19
16 1 8
54 1 1
250 1 197
456 2 188
624 6 90
236 7 25
715 1 1
431 1 1
261 9 25
73 1 1
80 1 1
16 1 1
207 1 137
80 8 8
95 1 73
318 3 87
38 1 1
57 1 37
468 1 1
243 11 19
229 1 1
405 1 353
228 1 151
680 1 589
580 1 514
364 1 271
980 1 874
509 1 1
498 1 411
705 1 1
108 1 1
520 20 23
78 1 1
27 1 17
260 5 41
504 7 61
586 1 1
88 2 22
989 1 1
306 1 1
513 1 449
300 1 223
170 1 145
343 17 17
130 1 1
126 1 105
17 1 1
234 1 191
255 1 201
95 1 73
88 1 64
78 3 17
818 1 1
368 4 79
516 6 71
94 1 1
100 1 1
399 1 337
6 1 3
84 2 33
231 3 51
282 11 21
557 1 1
384 11 26
65 1 49
550 1 1
441 1 373
432 1 356
936 1 1
730 1 1
148 1 109
164 11 11
651 1 1
240 4 52
128 1 94
415 7 47
329 1 277
55 1 1
225 1 193
355 1 281
63 7 7
114 1 91
35 1 1
70 1 53
224 5 38
198 13 13
195 3 43
99 5 13
100 1 1
665 5 113
504 5 87
730 1 649
6 1 1
40 4 7
967 1 1
90 1 71
360 1 316
54 3 9
594 1 491
20 2 5
402 1 1
802 1 1
848 1 1
168 4 31
767 1 1
696 3 201
767 1 1
221 1 1
756 7 95
520 1 449
236 7 25
160 8 10
462 1 391
76 1 55
551 1 1
63 1 49
232 1 197
440 1 379
81 1 1
495 1 393
264 8 27
10 1 1
192 1 127
767 1 1
174 5 23
159 3 35
456 1 393
195 1 129
792 3 229
483 1 409
857 1 1
618 1 1
568 1 491
776 1 673
58 1 1
120 9 11
312 8 29
164 1 121
735 1 1
717 1 1
476 1 403
99 1 65
424 5 73
300 1 223
215 1 1
185 5 29
260 1 226
206 1 1
504 8 52
294 1 1
128 1 106
514 1 1
717 1 1
871 1 1
817 1 1
928 1 1
560 1 1
441 7 55
120 2 44
48 3 12
139 1 1
163 1 1
810 1 1
96 7 10
102 1 67
700 1 1
504 1 427
93 1 61
300 1 199
616 1 523
69 1 1
249 5 33
126 1 103
68 1 1
305 1 241
560 1 496
881 1 1
366 7 43
803 1 1
5 1 1
600 1 519
378 7 47
516 2 213
176 1 1
156 5 23
203 1 1
450 17 21
135 1 89
115 1 89
228 1 1
664 5 115
406 7 49
518 1 439
683 1 1
9 1 1
312 8 32
154 1 1
3 1 1
843 1 1
320 1 1
156 3 42
242 1 1
287 1 241
132 1 97
240 8 26
186 1 1
886 1 1
823 1 1
770 1 685
708 1 1
501 1 1
68 1 1
8 2 2
403 1 1
162 1 131
280 13 16
90 1 1
410 19 19
410 1 1
148 1 1
124 1 62
8 1 1
288 1 249
320 1 1
144 2 58
918 1 1
712 1 617
72 1 1
172 1 86
4 1 1
837 11 67
452 1 1
144 11 11
84 1 67
480 1 424
32 2 11
72 1 1
388 1 289
870 5 155
39 1 1
268 1 199
3 1 1
27 1 1
125 1 97
488 1 421
361 1 1
35 1 1
472 1 407
820 2 365
312 8 32
50 1 37
280 1 239
120 9 11
301 11 23
30 1 1
802 1 1
288 1 1
495 1 1
12 1 7
885 1 1
63 1 49
306 1 265
720 1 1
268 1 1
648 1 569
384 2 158
702 1 617
396 1 1
372 17 18
370 13 25
376 1 1
322 1 271
360 3 103
195 3 43
4 1 2
624 18 30
138 1 1
205 1 161
54 1 41
41 1 1
30 1 21
528 4 109
768 6 111
364 1 271
264 15 15
995 1 1
938 1 1
680 1 1
580 1 1
855 3 251
455 19 19
340 11 23
590 1 523
156 1 115
897 1 1
250 1 197
340 2 149
2 1 1
453 1 1
594 1 521
216 8 22
332 1 1
174 1 1
225 3 59
975 1 1
156 1 78
188 1 139
21 1 13
94 1 1
517 1 1
95 1 73
212 1 1
152 2 38
495 1 433
24 3 5
320 11 23
558 1 461
90 1 1
603 1 529
268 1 1
3 1 1
468 1 386
883 1 1
232 4 43
176 1 148
120 6 10
258 1 211
296 1 1
150 1 75
68 1 1
600 1 496
24 1 15
378 7 47
490 1 389
356 1 1
49 1 1
210 1 1
632 1 1
486 1 1
72 1 56
200 1 157
873 1 1
888 1 1
664 1 1
366 1 301
328 1 281
108 1 54
67 1 1
22 1 1
250 1 217
258 1 1
399 1 1
489 1 1
50 1 25
224 1 166
699 1 1
19 1 1
285 3 63
43 1 1
92 1 1
316 1 235
196 2 49
840 2 374
864 1 1
413 1 349
42 1 31
572 1 1
100 1 50
416 1 358
720 10 64
99 1 65
128 4 16
162 1 107
33 1 1
280 1 1
728 1 631
651 1 1
74 1 1
54 1 1
90 1 71
680 1 1
28 1 19
380 1 1
130 1 1
558 1 489
196 1 145
558 1 461
520 2 230
651 1 1
474 1 391
504 5 87
224 5 38
317 1 1
646 1 1
630 1 535
176 2 74
594 1 1
791 1 1
544 2 235
240 1 1
81 1 65
312 4 58
18 1 11
133 1 1
315 1 1
234 1 201
456 2 188
236 5 35
8 1 4
176 1 88
190 1 95
50 1 25
350 1 307
432 13 29
517 1 1
4 1 1
92 1 1
690 1 1
136 1 113
704 1 1
248 1 211
423 9 41
124 7 13
240 1 1
792 1 1
540 1 478
656 1 568
977 1 1
47 1 1
182 1 151
531 15 31
674 1 1
520 1 1
930 1 829
498 3 137
173 1 1
518 1 439
249 1 1
188 2 47
353 1 1
114 3 19
492 1 1
97 1 1
895 1 1
43 1 1
20 2 5
663 1 1
860 1 766
40 1 28
99 1 81
96 1 1
456 1 393
336 1 250
780 2 347
350 1 277
62 1 1
702 1 617
81 1 65
581 17 29
490 1 389
525 5 89
495 1 393
273 1 181
5 1 1
180 2 73
630 7 79
267 1 177
340 2 149
42 1 1
162 1 107
132 1 106
126 1 105
4 1 1
160 5 25
594 1 521
93 1 61
921 1 1
188 1 1
66 3 11
328 2 122
682 1 1
238 1 199
80 1 1
586 1 1
584 5 101
372 17 18
22 1 1
70 1 55
146 1 73
890 13 61
272 1 1
221 1 1
492 2 203
734 1 1
156 5 23
170 1 85
875 1 1
345 1 1
793 1 1
482 1 1
24 1 1
950 1 1
628 1 1
610 1 541
110 1 1
33 1 21
30 1 1
20 1 1
60 1 1
273 1 1
57 1 37
413 1 349
224 1 187
264 4 54
50 1 37
300 1 262
322 1 1
380 1 1
194 1 97
102 9 9
70 5 11
286 1 1
728 1 631
25 1 1
84 3 14
304 1 260
270 1 179
911 1 1
400 1 298
300 2 131
823 1 1
750 1 667
931 1 1
562 1 1
704 2 305
112 1 92
365 1 289
908 1 1
666 9 65
99 5 13
930 1 1
337 1 1
336 12 23
686 11 53
297 1 257
240 2 89
900 1 1
153 1 101
144 1 116
119 1 97
768 2 333
352 1 262
575 1 1
540 1 478
727 1 1
364 1 307
240 1 1
322 1 271
48 6 6
839 1 1
54 1 41
486 1 401
512 13 34
665 5 113
406 1 1
40 4 7
156 1 78
518 1 1
225 1 149
585 1 1
40 1 29
244 1 1
954 1 1
426 13 27
258 1 171
413 1 349
112 7 8
255 1 169
252 1 167
207 1 137
688 1 1
259 7 31
252 1 187
410 1 1
150 1 127
297 1 257
346 1 1
135 1 1
630 1 535
639 17 33
368 1 1
449 1 1
44 1 1
651 7 79
378 1 329
7 1 1
897 1 1
16 1 10
480 9 46
276 1 226
462 1 1
162 1 131
192 1 127
540 1 446
243 1 209
158 1 79
780 1 1
162 3 27
138 1 69
9 1 1
164 2 41
602 1 511
350 1 295
421 1 1
294 1 241
16 1 10
539 1 1
12 1 7
245 1 193
279 1 1
460 1 365
144 1 121
8 1 1
817 1 1
78 1 1
126 1 83
78 1 1
781 1 1
224 10 19
423 1 369
413 1 1
120 2 44
470 1 1
34 1 1
406 1 1
50 1 1
115 1 89
610 1 541
456 2 188
96 1 1
406 1 1
944 1 1
60 2 23
761 1 1
270 1 233
99 1 1
7 1 1
5 1 1
24 3 4
16 2 5
609 1 517
628 1 1
450 1 397
752 1 652
954 1 1
568 1 491
66 1 33
414 1 361
47 1 1
380 1 283
276 1 226
61 1 1
656 4 142
358 1 1
299 1 1
220 1 163
851 1 1
640 1 1
542 1 1
14 1 7
78 1 1
390 7 49
84 2 33
84 3 22
724 1 1
424 1 1
330 1 289
248 1 211
296 1 253
410 1 1
131 1 1
52 1 37
994 1 1
34 1 1
249 11 15
201 1 133
801 3 235
656 1 568
594 1 491
210 1 139
420 1 346
21 1 1
713 1 1
27 1 17
300 3 79
858 1 1
540 1 473
215 13 13
273 1 181
18 1 11
481 1 1
918 1 1
31 1 1
898 1 1
601 1 1
3 1 1
111 1 73
455 7 55
643 1 1
658 13 43
124 1 91
450 1 393
148 2 37
150 5 15
120 1 88
522 1 431
190 1 149
20 2 5
116 2 29
12 2 3
762 1 1
500 1 442
382 1 1
188 1 1
438 1 361
256 1 190
312 1 1
846 1 1
807 1 1
450 3 119
105 1 85
814 1 1
2 1 1
63 1 1
711 25 25
120 1 79
39 5 5
560 1 484
315 1 1
294 1 241
504 7 63
12 1 7
738 1 1
760 1 1
215 13 13
99 5 13
88 4 11
569 1 1
222 1 181
78 1 39
643 1 1
144 1 106
166 1 1
80 1 1
84 1 66
153 1 129
167 1 1
464 1 1
42 1 1
148 1 109
304 1 226
494 1 1
390 3 107
168 2 68
64 1 1
352 1 262
144 1 121
162 1 81
345 1 1
648 1 569
204 1 166
108 1 86
576 2 249
59 1 1
383 1 1
207 3 59
522 1 1
99 3 27
296 1 1
208 1 154
472 11 37
50 1 37
82 1 1
692 1 1
536 1 1
720 1 1
53 1 1
904 1 1
204 1 151
220 5 38
21 1 1
200 1 157
518 1 439
41 1 1
230 1 199
255 3 67
886 1 1
24 1 16
932 1 1
977 1 1
100 7 11
99 5 13
830 1 739
280 2 122
580 1 1
144 6 12
444 2 183
521 1 1
4 1 1
859 1 1
32 1 1
140 1 109
981 1 1
645 1 1
565 1 1
296 1 1
640 8 71
657 1 1
445 1 353
868 1 1
288 1 191
435 15 23
465 3 123
